795
583
504
871
412
208
321
101
750
566
449
433
534
601
403
870
269
595
749
845
944
149
124
843
79
953
810
732
431
911
979
30
664
167
835
166
554
311
120
622
371
444
128
674
404
817
665
642
203
333
355
996
909
947
849
832
917
376
675
757
423
429
231
610
150
460
465
18
695
155
547
777
3
727
858
135
477
88
141
411
291
383
407
735
723
900
507
247
514
942
598
698
217
617
271
502
189
125
607
673
623
518
544
943
106
545
272
627
884
891
338
86
384
831
827
165
387
887
611
937
428
475
683
363
816
243
248
389
780
265
898
857
375
246
451
608
994
682
81
920
573
875
577
8
649
656
585
781
562
112
636
409
27
693
774
522
471
618
316
61
751
969
706
94
591
143
421
315
58
459
869
788
222
89
838
676
17
668
357
74
76
999
486
297
804
775
4
987
489
137
379
367
671
586
205
427
590
978
415
836
812
198
425
948
652
818
903
715
808
640
551
790
576
71
933
344
175
179
977
537
450
938
581
9
62
473
93
752
147
760
853
950
680
616
758
244
625
703
532
204
494
924
254
837
690
52
342
396
286
410
981
249
896
153
661
549
313
509
559
951
632
288
866
245
986
570
983
638
283
657
281
154
555
317
516
619
162
560
833
834
480
932
615
169
380
666
216
133
151
520
98
328
580
220
886
310
37
257
146
872
672
954
157
523
565
187
646
402
213
51
975
351
119
36
876
934
26
654
43
24
893
236
653
655
467
742
435
67
711
11
888
785
739
955
306
332
63
341
258
529
31
393
776
717
42
883
305
730
915
233
677
880
178
345
340
330
946
111
268
56
629
214
931
825
54
491
224
113
488
445
303
301
626
647
501
241
868
958
104
811
163
694
628
228
826
701
469
856
878
746
737
229
123
454
261
195
251
211
569
879
309
177
5
197
91
263
126
276
765
823
240
686
250
681
877
446
108
993
689
965
982
515
176
100
748
710
763
828
260
468
550
400
791
336
326
210
391
904
20
343
639
398
46
359
377
882
447
209
685
318
308
963
230
280
192
991
38
172
239
809
852
472
908
199
782
292
462
697
492
985
7
285
536
807
356
960
602
660
413
464
366
290
35
984
312
759
597
327
670
702
73
78
829
436
770
539
939
821
329
84
762
32
121
110
140
474
860
190
266
873
347
324
578
1
974
417
99
442
773
68
339
913
500
39
867
419
72
512
922
103
82
382
368
594
844
80
741
470
902
797
349
964
784
645
186
325
373
191
778
524
945
957
420
644
899
561
643
422
337
705
482
916
734
572
495
262
722
181
171
252
839
605
365
861
406
294
386
923
596
718
855
259
552
885
712
753
161
183
278
890
206
688
905
416
756
519
354
114
13
299
906
707
369
319
307
864
684
65
747
721
503
49
859
687
814
352
830
728
719
362
487
716
912
847
388
131
255
188
663
822
458
650
279
936
796
767
253
508
184
381
553
541
543
506
802
10
401
930
295
761
919
901
83
926
800
564
267
588
568
34
479
23
865
792
989
736
275
443
116
64
170
130
892
755
962
841
851
593
881
897
604
284
85
806
733
548
174
633
819
530
621
69
641
992
226
525
320
669
799
798
499
145
921
567
234
968
296
970
14
144
786
440
496
563
662
426
726
353
766
414
461
138
298
47
980
740
959
156
364
159
584
709
846
314
335
374
418
129
399
95
282
624
927
437
894
667
973
202
180
929
614
505
148
331
476
139
289
395
789
679
300
242
517
12
961
941
434
895
678
606
132
378
613
55
478
223
713
207
392
29
215
90
533
348
700
109
277
557
940
484
729
889
542
631
620
696
692
57
102
45
218
914
803
609
59
971
432
424
237
385
754
221
813
862
571
928
863
219
793
164
521
535
158
235
714
44
546
630
575
589
511
815
350
952
497
1000
322
201
212
293
612
16
772
430
513
304
997
651
531
452
136
603
405
966
483
302
699
691
134
394
182
574
194
935
794
227
185
117
556
848
41
256
745
40
743
60
75
334
538
648
48
724
50
193
990
441
232
485
87
526
976
323
270
779
738
53
360
168
528
949
15
658
453
587
498
408
704
493
455
287
918
659
824
910
599
173
238
77
490
70
820
456
115
390
540
122
854
2
92
842
731
592
972
771
768
160
196
787
457
25
274
956
720
874
370
346
805
448
635
558
967
925
97
152
372
995
769
22
466
988
142
600
582
118
637
397
744
510
264
105
579
96
127
107
907
783
439
273
764
463
708
358
527
998
21
225
725
634
438
66
481
19
801
33
850
6
200
28
361
840
