7140
7399
1813
9198
9093
6603
9627
3059
6567
2929
2685
5742
6024
5992
6132
930
269
7318
4172
3466
385
9713
7599
5393
6199
828
8193
3107
9325
4487
5174
2028
7387
7533
8114
8760
6997
6809
7884
8160
3650
7105
4247
7668
3719
8294
5077
4694
3918
9519
6526
1719
4887
150
7363
7007
2310
349
8767
3049
419
4159
8276
9508
1354
2858
4169
3164
2035
7029
9415
4093
3856
9142
474
1829
7244
2115
7761
3799
2434
708
4384
5834
1252
513
6342
7397
5886
4034
4012
5759
965
1835
1812
7989
5797
2725
2314
6706
5124
8015
1878
9845
9891
4463
2555
6576
6138
1269
2371
9147
3602
4919
4504
4394
3818
2033
8958
5369
8677
6830
8935
43
8285
4253
2829
6343
7072
7776
7069
7635
2928
9549
9981
9658
1355
5527
445
4884
9334
9146
1275
1935
6457
1025
2527
9955
1950
5993
9170
2005
5817
4993
3076
9554
9808
3618
3423
9407
6639
7508
2547
2468
770
906
8761
2213
122
5085
5707
3857
1235
947
4684
8093
969
6259
6715
6557
9663
2390
2222
2941
8784
7424
1558
6993
1264
7995
5577
2518
7228
3572
6081
4511
4432
1326
166
2090
1923
8104
6739
5414
5809
1445
3724
5127
3006
2563
8460
1552
164
4921
9647
7275
5531
5746
3242
8119
7820
7865
6129
9008
5186
4594
4777
5152
4137
2951
2389
8795
9421
2872
5816
1314
6303
4315
4185
2583
9411
2120
7579
957
414
3976
6021
1195
28
6375
2459
8661
7806
9717
4194
687
3339
4690
2754
8277
4482
5426
7848
553
8327
803
9683
5417
1475
7121
5226
1707
4971
6076
7355
7892
1430
3020
6980
4767
9432
3609
4306
5372
1576
132
2465
1838
2188
2871
6194
3128
9463
2716
4826
9525
9523
2846
4641
6207
1672
4526
6390
9040
5143
4085
6953
3075
5049
4006
3786
3798
9042
1665
408
9504
8040
2911
5254
4110
111
4592
8960
6191
8791
2863
8247
1501
5949
1228
711
2867
9766
5950
1333
4505
5176
2376
6793
1853
1266
6735
3695
5065
2040
5794
3653
8444
4956
7912
9208
3036
3484
6247
1904
6475
7138
2268
9426
7762
7948
3037
8178
9035
832
1659
7386
8146
9546
3149
26
6518
2206
189
9394
7674
587
7070
9444
3448
9106
5481
9291
2998
8322
3214
8885
2874
2831
6686
8823
3706
2964
9850
5634
7644
2530
955
4848
9051
4438
2282
4822
4013
7807
4455
3283
7768
3590
7212
1318
2333
9241
3477
9524
3523
9348
7862
462
3335
5674
6272
5996
3582
2847
7112
3855
275
3860
5382
6559
7684
6297
9590
8909
8129
4582
2411
722
6931
6832
6565
2807
5312
2317
4221
1855
2299
4498
8362
6478
3218
902
340
8621
3378
6895
281
2574
15
1679
7343
3342
1377
6385
3839
807
4171
1007
3033
1740
5610
1196
348
6065
378
434
8541
549
5350
2484
5529
1153
1277
5697
3536
9994
1799
7624
7317
8532
5507
6090
1848
8204
3062
2749
2625
8208
476
7514
452
2323
1302
9862
5005
1746
2990
1444
3642
1810
188
3058
627
3828
7676
9010
5895
9545
863
5783
4118
2632
8973
5675
1432
1372
305
3795
3443
4142
6069
4584
8213
6470
8113
5829
1826
1301
1823
5906
5275
5413
3091
8658
9895
487
7636
4337
1519
8584
3891
2048
8714
4233
799
1901
9145
2647
6808
2455
5625
2238
3913
7338
9918
9064
2474
3104
5333
5105
5137
7581
29
1554
1592
6593
8743
8812
6179
5438
9155
1532
9382
5217
2339
8450
6362
7743
44
4685
8492
5462
2422
9744
2243
1229
6540
1337
1352
839
8106
8371
9801
781
9739
391
9616
1589
5927
5047
5463
851
1705
4964
9600
4414
5838
5251
9303
7981
6511
9980
8337
9086
8676
6245
3995
3148
762
4476
2229
8279
7923
3143
1594
322
1191
9453
7383
6365
9574
1245
7911
1513
6940
5892
8735
5181
2724
731
9570
3068
8001
5721
4900
5824
1574
5012
7753
3174
8037
2861
9212
6211
1860
7675
978
9696
1101
448
3099
1356
8495
7503
3402
7198
6327
4770
2128
6802
8066
8666
2506
2058
6690
1804
809
9414
311
6218
591
8005
9971
9135
5681
5622
7802
2147
2254
7039
577
1367
6105
4175
8462
1699
5524
580
738
3253
2844
2199
8351
8366
7594
7095
3133
2662
5366
3252
2852
3278
7568
2131
4429
1366
6754
672
2441
6956
1566
2848
7304
3758
6549
4791
544
8574
986
2304
8343
3303
3714
2383
8939
1608
2495
8412
5760
5922
7441
8077
7758
8100
6300
7881
2088
8799
3213
7413
4374
8150
6919
441
8624
6729
2269
6116
3589
5033
2138
7310
932
6772
8244
7018
1700
7421
1347
5539
5924
5149
276
2780
9777
5806
5908
1077
777
4430
1793
1780
3473
7073
6934
1048
801
1089
2494
4557
3663
4586
604
4113
2630
1801
8793
1480
8267
2100
6560
6768
4340
162
2548
2168
2247
3110
791
4143
6896
6638
1244
2257
9452
9970
585
5823
6515
4970
7375
2502
6007
5642
2108
1511
8323
5307
8425
1410
2010
9646
3483
5096
8477
3299
2742
1518
1706
5262
568
1851
7994
750
5985
375
5442
2072
5952
6372
7874
5209
9718
5897
6766
1898
9553
128
9338
5792
5979
8919
146
6073
7268
2616
5432
3428
8470
3438
9822
510
4254
7374
3708
8663
66
4332
4435
2895
3773
5815
8299
7610
4378
4566
7617
6532
9700
3045
5545
3350
8904
7954
6620
8925
4268
5466
8616
6541
2759
5701
525
4953
5311
2675
6912
500
927
5896
6195
6236
1762
3640
4517
8211
9333
7258
6570
3846
8209
8576
439
173
4393
6743
6050
3336
2332
6701
6114
6861
9898
824
1914
7008
8217
9000
2485
9497
8149
6202
4088
2404
4245
1515
6865
8482
3065
675
136
7407
3465
2733
9507
4632
4398
609
9526
8437
904
3585
9501
3115
9427
5904
1747
3197
1374
4136
9903
9929
5855
1210
3414
6614
6098
7334
3499
5170
2765
6398
2472
4850
4593
9692
418
1370
5862
1087
399
2778
2064
9693
2723
2619
8620
4916
674
40
8245
9046
5336
4515
7269
151
3397
7571
2423
2177
6837
2930
6796
8380
4807
4933
2678
5246
7633
8156
359
2510
6374
2210
8481
9653
8968
7315
5157
2055
1263
8172
9900
1449
4319
9478
5306
1467
1912
7502
5948
2962
9456
1539
4692
3439
5743
1046
3661
3435
4029
5264
7408
7323
3333
9868
7843
6777
7447
4617
2372
3645
5884
8557
7825
8221
886
7463
4572
1806
7795
6279
4189
9057
1649
1579
9870
6545
2398
2475
7641
3900
248
4742
2921
4711
8046
6954
4236
1882
2945
3221
1926
3972
6825
6012
686
2672
6907
1443
6517
1701
557
7066
2936
1770
3558
5512
9020
107
1221
1341
7384
758
2969
5071
981
4751
7700
1204
527
1336
4713
4580
4969
5028
8143
8537
663
9321
403
3955
2745
4604
1584
7093
5098
9286
2263
2535
3137
7754
8151
6190
3842
1958
1928
1821
2588
662
5728
5334
3547
1564
9120
6775
774
6360
2184
8938
2702
6049
2709
6437
2271
9687
5903
6150
698
9786
3190
1718
9349
4149
5808
7094
9772
6031
1990
2008
2102
5471
7777
5164
3009
1711
5513
6220
8694
1006
1109
4715
5990
2726
9211
1251
4320
213
4975
3532
9860
9818
5801
624
6058
1744
5544
3410
5553
6661
4782
8742
1771
5193
6174
8933
3742
5084
8402
8726
1635
7814
8965
6879
1517
8099
2077
5718
3997
1424
9603
9858
45
3150
1418
4358
9231
569
3625
9254
4839
4041
9250
8024
3073
5601
1583
6624
6863
8950
4905
1815
7153
1041
8739
514
1405
3765
5400
6367
6204
2717
949
2453
463
4076
3570
5439
8978
7705
6528
5484
3044
2208
7960
4214
8433
3520
9036
3372
771
6552
3655
9755
2253
8180
2704
5910
5686
8034
6147
5530
4260
5543
682
6033
2792
7177
3135
7457
7080
6936
6631
1553
7099
3506
9856
4238
3447
6196
8818
30
6072
3159
4355
5053
3917
5298
1338
1180
2916
5776
5446
1438
6836
6180
184
6637
6959
4801
8876
8319
9699
8782
1127
9166
6615
1365
6455
7920
4122
358
6670
9395
442
404
9014
106
2211
161
1043
620
7427
8012
7116
6505
8084
2762
6456
2176
2938
2230
9054
6937
3046
8117
4665
6312
1018
2355
3411
6856
3688
6188
8873
8864
7247
8888
9905
1774
221
264
4018
35
8410
581
2250
3321
1924
2782
9429
6183
2432
5798
9714
1642
2491
9661
4160
1864
4202
9017
9088
7683
4129
1004
9326
9443
3504
4832
867
2528
8847
2956
9301
3224
8345
2843
261
703
4510
488
7377
5807
5777
3158
7844
5831
9529
3057
4805
5134
1630
7883
7145
1500
233
2980
345
2309
2343
5826
481
909
1055
2127
2045
4191
155
6454
5954
1692
8867
3895
1626
7810
8320
8070
2396
1317
6241
108
4251
1211
2512
3924
7899
9032
5628
7376
218
4170
3989
7148
211
4653
8768
2892
9215
4285
5178
8054
4409
5613
4339
1067
8396
8972
873
4725
4734
5476
1768
2614
4816
5388
503
8047
9617
8007
1085
6206
7660
278
5913
1140
3516
8956
2655
666
381
1200
9855
6334
2688
1619
9204
7569
3849
451
9410
3155
1908
4812
6681
4722
3074
7144
352
1397
6769
5589
8999
7875
6448
9312
8774
968
4697
1947
9783
1423
9781
2320
6187
2669
4990
7255
8147
6492
6697
7642
7365
3665
5457
1842
9233
3388
7491
3227
8030
6820
9950
6982
3015
1122
5510
4391
3996
5200
3674
9299
6652
6168
7703
7648
9823
7739
7461
723
573
1891
7024
4363
6508
7922
7608
6952
4063
6298
6988
8488
1112
6674
7553
8219
3083
4542
9275
3559
5844
9990
8952
5252
5452
9202
898
7935
596
2436
3890
7336
8198
3630
5002
6831
1943
9122
8591
2705
4757
9859
327
2939
9330
5042
3647
4779
1881
6503
712
2538
1965
9762
4123
9374
3908
3154
9684
6824
6061
1932
6428
7385
3182
668
2520
3199
397
8854
1343
1843
9246
480
4897
3204
7953
9480
2170
2201
5271
6535
1125
4906
860
9650
8423
7818
5445
6306
1483
2074
1440
2525
8715
2419
6524
4818
1280
4411
7331
8302
1278
6948
8707
5537
1622
3787
3806
3660
2173
8969
8145
9662
1885
6296
1312
4842
7107
5845
2987
5719
7980
3454
6512
5931
1738
8374
2885
8043
2331
1213
6807
7747
8889
7736
1045
8062
6924
9038
7381
9538
4800
5679
3231
1869
2910
4179
9624
8427
4608
9620
5166
1789
9733
2348
7349
7904
724
7910
5261
9245
4943
1514
8144
5912
95
6111
4959
7052
2490
8458
2067
9705
1757
8364
8633
1144
2982
5037
8016
1117
613
5753
2071
993
796
808
4708
9997
5169
3467
1421
4051
2592
3326
6252
4057
685
2022
3636
1728
2007
1782
110
2919
1529
6238
9974
921
1769
9132
8772
8461
1654
9144
9060
7426
497
8534
5479
6908
2283
800
9917
6309
3488
9247
7273
2776
3851
8090
6208
2771
285
9460
6263
9335
2096
1919
5199
3032
4987
8264
3268
5975
4259
4702
6032
4181
5793
4090
4305
5063
5148
8406
727
1491
1941
1471
1375
720
8993
6397
8598
159
8680
6089
4373
274
9242
426
433
8955
1223
7043
2275
5522
2298
5865
8187
7335
2943
8476
5840
9306
8692
890
5626
8418
4575
2880
5485
7287
3670
5899
1503
2514
3641
1731
6971
1972
4635
2462
5018
9935
7041
5940
625
8953
7367
6438
7958
9951
745
4534
4968
740
3736
7003
4081
8130
8010
7101
9028
6922
1638
7767
4099
291
4804
7991
528
4131
2353
912
529
8527
3280
9704
5599
6974
9459
1834
8923
8108
1380
3021
5926
2777
6595
9076
8157
742
2884
980
8376
4855
8469
7759
2628
145
1797
8502
5364
3517
9922
5894
9872
5503
6660
2819
7306
3323
6874
255
4223
3509
5142
5723
3555
7506
8429
4448
9461
951
135
554
2529
1270
1624
1359
7702
7779
2023
6391
9041
5879
7785
6345
3562
2265
453
6445
6264
4647
5017
8392
6957
9184
8617
7054
6246
209
4331
7934
6573
3249
8962
3763
6851
1173
9176
2466
4714
9863
3169
1353
7147
2701
840
4392
8288
5986
2691
9685
8174
265
4106
7555
1681
402
6564
1250
4507
8732
5534
7780
8710
749
1040
635
1618
786
2953
4094
3393
5768
246
21
8384
8480
3090
5708
25
2896
4691
1181
9366
5331
6380
6326
9230
5623
1246
8883
8401
4073
5328
8706
8837
1387
4533
7033
1426
9213
4261
8746
1686
7109
504
952
9676
6203
7295
5983
2450
8287
3496
6844
7233
8393
6311
2085
1961
9200
8210
788
3671
7532
4427
3056
6977
9939
3658
7437
8524
2031
8868
6352
1288
615
8668
2452
8003
181
1319
471
5435
4827
1676
1761
1918
9224
1951
7605
6249
3673
6860
7451
7559
4366
693
1081
3832
7067
1721
9100
5175
823
3973
631
7715
1712
2593
5208
8272
8932
9521
6679
190
3256
339
6947
9930
2710
87
6307
8857
3170
3156
8486
3639
5677
5799
3271
7448
8671
2517
7027
6645
8314
2078
3563
3697
6798
9110
4288
4299
6958
1798
6268
5218
2505
2092
3297
9906
9522
9355
3612
5203
6792
8449
1729
746
5624
9518
1953
7488
2477
2187
6402
8963
3685
1562
1986
4077
2351
813
7575
2109
3858
1253
401
9062
6804
3966
6237
2152
8769
3519
1242
207
5079
4803
7841
3964
376
3384
8298
251
6821
2037
9722
937
8893
5843
4706
9372
3819
1921
6110
8055
154
9816
6608
5611
1023
2586
7031
9470
7497
8499
2857
229
5586
2480
3382
7346
2554
1334
7564
2101
467
9477
7045
2979
6644
2370
7621
1839
6201
1466
8102
63
718
3889
7172
8052
4107
7592
1507
9499
8523
7580
294
752
1945
6914
3203
3442
875
8652
4350
866
2272
5582
6797
4811
9438
670
9865
9373
4937
9836
331
5837
8839
5110
7372
5549
3396
2718
1015
219
903
2894
6017
7388
710
5477
4913
883
1416
3587
4528
6209
8517
4178
8373
2089
729
4267
8966
6884
6118
3931
507
7601
5374
9514
292
4408
597
8917
9847
2486
9883
4926
3546
1083
9149
2791
6668
8088
4265
1137
3730
1633
7967
2256
1205
8810
7588
4628
522
6233
1845
1963
9029
9283
2021
3077
6725
2877
3095
2097
3379
576
396
2195
3368
4196
5650
7077
7653
475
9702
9967
4443
7048
8259
4986
3626
3216
2793
7279
9490
1783
7300
6578
8564
5568
4270
9599
933
5923
3898
4457
8522
4036
245
9613
3554
6253
4263
6490
2839
2053
9589
7542
332
6350
7792
5464
7326
3131
9180
9464
7450
4316
1752
7204
2461
913
2276
1660
5291
7900
2252
6921
5021
7314
9451
8491
3226
6005
8053
2274
7913
267
7728
4788
6261
3440
6695
8840
5609
759
3774
4154
1306
5652
1126
4033
9893
7225
2952
1765
6430
9317
2799
2728
8439
6932
4327
9003
3239
508
2373
293
8974
8995
1600
6052
5272
841
3994
7941
8641
4127
260
1105
2674
2604
5285
8170
6610
9561
1847
8464
2595
8608
6920
4269
6794
9605
6827
1998
5109
9357
4918
9902
8321
7141
4309
5
4314
5247
4064
815
4776
5885
5072
2463
5518
9013
7009
878
1310
8514
8987
3848
9417
6618
9249
2760
5848
415
6999
6609
4925
2082
942
4262
8422
5268
9341
1383
6408
1862
3815
3528
9479
163
9531
6543
530
6100
9048
7185
5101
2279
8159
2824
9640
2016
1168
6854
3727
4867
9520
6733
6923
3456
1536
1568
1002
172
4313
6293
4651
707
2443
3826
6370
2948
1436
6692
5664
3028
4446
7288
7412
2950
5692
7423
3418
9191
6688
4539
1561
563
422
2464
3628
512
4652
2862
4852
138
7876
6814
1778
2433
1469
5567
9528
607
3038
4283
4856
8171
3027
3529
6270
5020
3292
8961
671
5563
838
5490
9780
7155
8856
5782
7417
1042
2752
4344
1996
7064
3152
1169
8869
2737
6421
4813
1441
8071
5068
9012
5469
7698
2961
215
7596
7786
2248
4423
9764
1074
8163
8083
3222
4633
2627
6288
1627
6450
4272
6066
595
2653
7811
7278
6890
6412
1146
3503
7681
1895
2050
1214
237
7628
779
766
4764
428
3173
8349
1289
4675
7291
6992
1287
7611
654
8246
7364
3127
4532
3965
3906
3836
1938
8019
5592
6087
7380
2479
5370
5294
2720
1239
5472
6737
1925
6647
6682
271
9207
1555
7939
7189
457
2575
5040
7678
8340
2711
9495
3188
649
998
769
6093
5822
6136
3652
2516
8112
9052
141
9566
6800
8794
9298
3905
6889
9915
6344
1641
9445
8195
4300
4823
872
5648
6059
4067
3192
1508
7178
3574
3289
4774
4508
6488
9899
1680
9878
4376
5355
1537
282
3430
9826
6783
9901
8560
9977
4718
8745
8580
8512
7963
2842
1090
3267
7787
2418
2385
8842
2827
295
2790
7919
4624
5138
4089
2091
2027
6822
1408
1981
3362
2549
9039
2795
2458
2223
5946
2295
2802
3186
317
8566
7797
3295
3241
5341
5593
1571
8843
9293
4241
6752
4211
6108
9835
7126
9648
206
7663
3530
2769
5786
185
3305
6501
8109
8155
6898
2582
5669
5296
5437
3324
6275
2182
1585
1615
5597
9311
8540
7021
3853
2779
4758
783
4775
5123
8832
2973
5090
5842
6561
5213
7339
5215
7356
4500
9302
3257
1818
5532
4723
7242
6353
6930
6212
8930
9449
6985
3261
2070
6696
1265
7011
5699
1572
1569
2427
4809
1893
1535
1874
1733
2359
3694
2104
7406
3788
1678
907
432
8543
6181
425
9729
5070
1293
5618
7893
5220
9181
7401
4552
483
975
4097
8711
4802
2670
6722
4603
5724
80
4673
7733
7130
7706
2562
2212
1930
7296
4892
5942
810
1994
4108
6469
1132
8250
4936
7075
7879
7552
6109
6028
7523
1203
4377
7169
2974
1
3957
9821
8356
2330
7687
3564
7150
821
9628
1668
7983
240
144
3325
7458
8628
5851
9221
7020
5715
2634
999
9437
412
2155
9770
5607
5533
6250
4627
8957
2693
1819
7088
1646
8632
7789
6591
8829
4367
1013
6254
6648
2284
7280
7063
1722
4334
3340
3601
8976
8918
3071
1099
8556
8946
3863
7861
842
5128
7188
9206
3422
4501
3151
5787
8689
9735
5502
652
6355
3508
1192
6140
3869
74
6815
7214
5305
6302
3394
6392
3455
4881
2756
5398
8207
636
8936
9413
8006
9726
8945
690
6551
6566
1538
7019
2013
6616
9004
7218
9228
2648
6414
356
3053
5030
183
2809
7378
5499
1775
621
6776
9397
388
5658
3922
901
7207
2435
1650
384
5474
7361
5332
8440
3586
7394
6747
5682
289
1049
1346
2677
1147
8861
6632
4078
4610
7734
5201
8997
9921
492
1110
2638
876
2578
4810
3577
7396
3420
582
9055
9276
9370
891
8914
4503
2429
7859
7351
3778
1384
6466
5117
3549
2732
4145
6304
6728
6708
12
7161
195
822
1111
950
2266
2319
2599
4372
1481
6987
5025
5935
9784
8859
5248
2571
2193
4425
861
5858
4475
4424
5321
2024
7023
4204
4039
7165
3215
9698
1157
2721
865
8194
849
5087
7221
3427
6926
8475
8881
8253
669
7840
6148
4643
8430
4336
2059
1913
6869
8420
1175
2471
9594
7565
6084
17
7723
1530
2747
4679
9757
6200
5277
3946
2924
1742
1237
8759
7880
9890
7133
7662
7921
5772
2226
982
7852
9365
4704
8103
2392
3475
9070
3386
4003
2387
2976
5562
8852
9660
1749
7600
4232
8411
1425
7765
2440
2399
689
4716
3434
3588
7741
3696
3872
8683
7496
1066
6401
3769
9889
8220
8438
7669
2519
6664
4072
7137
2488
8408
2448
2850
9005
5914
2597
1118
7898
1138
6587
4637
5616
5014
5404
4931
4278
231
6574
2457
1208
7832
709
3741
3544
5495
6143
5249
1161
2083
940
7191
5310
8308
7298
5202
6316
2644
3657
2322
6025
2515
4351
1850
4744
9329
6886
4092
2237
7192
5683
2363
789
3106
8529
5517
8166
540
8224
3802
5100
6013
1777
6976
367
4879
421
1521
3733
1350
9933
1967
7667
300
9598
8716
1000
9267
3285
8519
640
7886
2063
268
9639
2192
9403
730
4939
186
1283
5190
3553
1182
351
6023
6967
112
7612
8719
1709
6243
4328
6605
8834
8538
8631
4361
2996
3971
1985
1837
6115
7312
4966
1991
6753
6287
9759
5754
1358
9776
9657
1037
7369
177
1094
4010
4667
3876
9281
6723
9475
7250
7570
1631
2068
9047
9343
3782
3659
6404
1348
4844
6160
9983
263
5465
4206
4845
5257
5982
3712
699
6083
3198
5187
2245
8262
7128
757
7882
4451
496
4271
7320
1903
6843
6713
7809
8659
5790
3701
7996
5788
3591
7639
5765
5955
5045
2139
3919
3610
6265
9319
9680
571
7772
9510
2668
4928
1063
7398
3029
7013
1113
9871
5980
5849
1142
4976
1413
8983
3185
3629
212
8971
3621
2968
8585
6935
8241
1307
7845
8947
5645
1054
1693
4901
4569
3318
7051
6536
5928
6623
5951
7907
5966
8737
5919
8039
3392
4148
4422
5197
4197
9030
3072
6966
5119
24
9165
9091
230
5898
6763
3012
826
6030
7638
4128
3744
9439
5841
1875
1498
4789
5300
3238
1582
7046
5385
7414
3904
4914
5342
8403
9820
216
4109
236
8619
249
8038
333
2689
2635
6099
1285
843
2955
2879
3592
55
2478
2094
4727
1268
6951
398
972
572
2061
7538
6119
8086
4341
924
1149
9719
1104
9102
8941
1591
8698
1193
3306
9924
524
2750
8197
3820
8526
3576
3511
4784
3624
4693
3294
920
973
8570
3000
4960
8902
2386
5459
4141
2205
6164
4326
6617
7729
586
9601
4199
234
5737
5240
4698
6613
3421
9949
1794
8094
1962
5604
9515
4544
2934
8348
6781
7015
3167
4771
6465
3662
3721
5407
632
1916
1417
5651
469
9131
6122
8330
363
2437
8452
6482
9259
6556
4873
7203
5583
6216
1607
4352
3551
420
1404
36
6534
6425
2536
5122
7222
9263
8118
8622
7716
5066
7978
4863
4786
9982
8154
9502
8341
5627
8763
1291
1522
2719
485
5088
4833
4342
2356
2051
2112
5108
4417
8996
8419
9071
9280
3808
8655
996
7498
3866
7975
3899
8704
4787
49
296
5516
6662
2681
6649
8424
4286
2381
5303
4032
4866
461
37
7751
6161
6744
5383
5747
1682
9920
3087
5693
1296
5153
8471
3259
7293
7286
8033
1675
7567
8467
5564
8741
4650
8121
5074
3301
7260
3668
4349
9597
6153
1573
6905
3942
9121
2642
8230
4324
4912
3140
8138
9516
9262
8693
1154
2196
2057
9998
3349
679
897
694
9197
4899
9455
9067
7604
9940
9794
6553
9571
7010
3633
493
7835
3208
4703
8497
9418
767
9544
1715
5448
5024
2743
5360
4005
6086
9635
5612
5872
7264
1403
7082
7455
9886
8975
301
5422
2567
3485
7658
148
4388
706
99
6555
9422
7115
4140
5468
7418
7196
7535
5805
6525
1344
3829
2001
1671
6789
1186
2652
7127
4015
91
3874
2306
8586
8067
1841
5386
1399
4000
4399
9268
5390
7460
9279
1028
4184
6175
9336
5644
5348
7174
1533
8446
2264
2451
2219
3356
4456
6917
3868
3617
7524
2775
6453
6502
6731
3596
9673
7595
9837
1230
6091
584
2631
7467
4531
6784
6415
3770
963
5921
1621
6010
5165
9797
8870
1880
5212
1858
6529
9619
1580
2217
4568
4400
3469
5391
1011
6418
4026
5363
1542
737
6104
6491
9947
3031
93
5456
8790
4301
3406
6779
382
3211
67
4431
7704
8989
4781
6386
2114
436
8069
960
616
7583
9697
7022
9021
1942
4442
5330
3381
9402
5415
9096
4226
5408
8684
653
7836
9153
4983
5453
2202
8508
4027
1124
4484
2352
2093
6433
7301
9072
3939
5694
3089
3171
4295
7528
638
4707
9466
502
2866
1160
379
1084
1844
5405
4709
8798
8635
7673
3929
9593
3480
5784
1095
2300
6726
4741
6801
3497
8168
7294
7831
3884
338
1577
6903
7629
3940
6232
4578
1409
6829
8695
2761
6332
4461
6579
3003
9465
9914
3707
4390
3522
1795
5044
9908
1917
7492
1096
8990
5630
6586
817
4772
9406
7246
3147
988
2561
715
9848
7058
4360
3138
8815
2154
9778
334
4207
9428
6630
4166
2658
8878
9172
5235
1446
1298
8813
5022
2207
854
3761
6955
417
3986
8871
9238
4125
429
5051
9308
9727
3312
7390
7701
1616
3753
6449
9123
4243
7597
4031
5933
7163
5253
7262
735
550
6523
3363
1807
1976
9864
4590
1883
5418
9568
8115
5907
9340
228
3980
6347
3945
444
2570
1357
4120
7566
992
3620
3172
546
8256
3871
8954
2841
7490
9550
2838
6094
5073
2402
5097
7914
8164
1098
1915
9875
6422
8610
2651
7400
805
4297
7476
182
5863
537
1215
7487
1644
6765
5977
431
4075
6761
9551
96
1523
5605
1670
3794
3145
9129
3840
7146
9087
5273
7896
5638
1669
3796
1108
6269
9582
4666
2741
3710
1342
8803
3638
6407
9261
523
5973
6291
3168
5115
2507
4228
7664
5103
6384
7695
1478
9239
9243
3910
8386
2540
4611
5429
6910
9220
7813
8496
283
2236
8550
9833
208
3827
9494
1255
5870
7329
482
3781
3160
6056
1790
9964
4460
5112
1634
5614
6840
7598
2123
667
8943
7916
3583
744
5766
455
3527
6493
103
9511
8223
8589
297
6177
3538
8724
5436
4011
8844
9386
3816
8533
8081
8599
5997
2124
5653
2828
7509
4017
5689
2796
6037
8304
9567
3565
1611
7999
5454
6642
8708
9560
2729
8536
8297
9090
939
3360
2047
4997
114
9562
8545
7760
4002
4920
5007
2680
8218
1064
4488
5265
8712
8350
7671
4760
5542
2878
1141
5762
1309
5963
2666
8700
3933
4047
519
9209
910
8415
1560
8498
9272
4523
9258
4923
7849
3311
6893
8802
6757
9104
2671
7709
2191
6435
8821
3315
5836
6328
3404
2989
9857
47
9785
350
7557
7766
1486
4353
5001
6399
4555
1655
2011
9163
7219
8451
3672
6192
4530
6144
2183
1115
4205
6773
4304
5891
8643
7266
9274
3320
9885
1070
8031
3132
7409
964
5361
9631
3952
1134
9854
5409
835
8822
7143
3450
7309
8240
725
2158
8152
976
6710
739
5000
2667
170
3102
8485
3792
7888
3398
9641
9214
4596
9186
6368
9802
7757
3337
852
1983
665
39
3597
3897
2178
8367
958
9433
8752
9387
7711
5538
2126
9384
6628
1704
9345
443
2146
4576
2242
5057
5129
5915
918
5957
5304
7516
7180
9150
7851
7666
4240
6838
9527
8765
1720
6859
7649
7591
5547
3951
3470
7431
5225
387
6359
5847
8892
4146
6852
7254
5888
7327
4520
4558
3598
6358
1979
7068
2590
5771
7782
5680
2766
3157
4234
6242
8120
3542
8779
5615
6585
704
726
3377
1499
3740
5026
2204
1212
6400
60
1909
9614
4821
2886
4753
9484
6979
4164
5089
1636
8056
7902
6464
1808
9094
6079
7037
7471
5576
361
6929
7248
4843
6356
1509
143
5154
7485
2447
4980
124
3011
8948
2594
2556
105
489
2918
5223
7933
7827
773
830
5812
9827
9618
4216
4601
2029
8183
1267
5395
961
2415
7622
8736
3244
131
1964
9956
9169
6548
8263
1684
1454
3281
6371
479
2129
3100
5588
6315
5365
792
2744
7740
6039
9987
3699
6880
589
8780
6335
4837
8853
2297
4450
3877
7626
3518
1657
3677
1056
5528
1551
3307
1361
2103
5856
4273
1505
6184
7990
435
3247
793
9897
2770
714
6569
2703
4571
7305
2095
2794
9907
6158
7938
3322
7436
2822
8431
202
795
450
812
4248
1129
4998
8600
7973
3970
7419
2294
6451
2565
5598
8521
579
7
1032
9043
139
6038
9800
302
4370
5274
5938
321
7691
7330
5061
6704
5827
7708
6663
6700
20
8134
5224
8050
4942
2804
908
7962
6738
6818
1825
1520
7319
3948
9294
4743
2909
3983
9318
4952
9369
6047
4176
6990
2753
9556
5520
1482
3478
7988
3807
4177
2876
5204
4513
8674
733
9203
7111
27
4649
1643
5600
3777
9178
4364
1955
7139
2162
4086
4459
7587
2785
6443
203
2167
6633
1639
5027
5159
9991
9118
2336
3676
4410
318
6717
3684
1220
7354
8687
2235
308
5700
3968
8473
6395
1969
1814
1051
1031
4761
936
4347
7858
7272
9092
304
7035
9771
7477
3243
7956
7284
9391
9612
9807
5557
3460
6127
9328
6262
5934
9222
1545
7688
3579
5168
3018
2066
1419
7083
8755
5821
3703
2579
6542
3901
8123
88
5566
9139
5875
2587
9462
6654
3648
2377
7102
8738
6790
2605
4521
3153
3817
3111
3611
1172
165
2160
2825
3698
287
2350
5086
1368
2864
262
247
9077
286
3407
8594
7531
3990
2624
5726
7025
1827
4763
1027
3762
1859
7483
9351
558
4494
1997
1673
4087
3925
4130
2380
2564
149
9136
1082
8542
3756
5381
5832
6962
3949
7839
9216
9380
846
314
51
592
5196
2287
4509
2335
19
5717
8212
8
5967
2532
3545
4419
9969
1764
979
2591
8964
8634
369
4676
1072
5231
4403
9124
8884
1143
4452
1339
1565
6580
5244
7699
8268
2369
6961
8653
3926
7299
3265
8573
8503
4806
6432
2234
3255
4111
8312
2636
3476
2259
310
8184
8388
6319
8383
5325
3512
8625
1238
2645
9745
4609
3225
4369
2511
2626
8232
3938
9232
6128
4871
3513
2153
3490
4480
266
8387
3141
8569
5636
1286
953
5282
9368
9752
5995
9187
6048
3780
222
1546
7737
6943
7977
8434
9615
6703
8457
1086
3789
5339
6740
3078
8042
4275
9141
3605
831
6732
8500
1345
5878
8273
3495
9536
3417
954
959
4052
5354
3732
1308
33
94
4091
3258
7517
5854
3413
477
5016
2270
2673
2281
3416
7464
5852
3136
1980
4209
2133
8468
5702
9361
6650
9828
4554
614
8293
7866
535
5180
6925
8455
343
3941
8678
9375
7332
3223
9677
1490
3162
312
871
456
7420
9097
6077
5778
7917
929
5162
8820
6361
253
8970
8605
8280
8141
4471
4212
9909
1691
3953
2121
6866
2641
9434
2052
4882
8260
5239
5918
7816
3364
8248
6629
2190
5210
8447
3593
4607
4514
7750
3163
8886
5004
1464
3823
1139
7906
1759
4780
1052
2113
9217
8669
8903
3458
6235
6978
1528
8023
1724
238
7657
5558
2349
3412
8944
1647
6014
3449
6156
4672
7433
9645
945
7551
6760
3123
5606
8428
7778
905
3812
4213
6172
4188
7290
8789
3014
626
2699
8667
9117
2197
1556
4701
8830
102
1677
5939
8242
870
5773
6124
8701
3881
23
5525
1563
6102
4954
6189
8665
2883
464
2901
8609
2665
8908
3275
3237
3700
9194
7631
4119
9113
2995
8266
1461
8394
6944
5764
3365
630
1732
6222
6900
2313
7955
3805
6274
855
9138
7692
1652
1857
2198
1386
3409
6484
1922
8265
9488
8697
617
3550
9116
3974
5958
9244
612
9651
7347
4680
6255
3001
768
8786
6149
5859
1272
5991
775
5431
2200
3373
5526
1136
4203
3361
8551
5335
2617
1888
7889
3835
5104
4195
4420
2251
2401
1281
1978
6853
5449
8140
9595
9665
8553
6819
6676
3273
5054
9506
3308
8747
4819
7697
9284
8357
9481
5067
5670
9609
7718
673
57
8582
2773
9894
4439
9161
2585
8181
9256
1396
8227
6411
3867
5250
7986
8132
1078
3069
7256
2241
191
4749
9130
1414
2364
2803
9205
2656
7908
608
8192
4055
290
5375
8251
7237
4365
5451
6468
390
7034
1128
2454
3850
4133
2937
1599
4289
9496
3043
8310
4004
5981
5945
9934
2531
4183
827
8934
4346
9364
8967
2262
9266
9809
8587
1005
3055
6314
868
3286
9059
4769
9078
7449
5641
2740
732
862
7465
1222
3779
3537
437
9927
717
8831
3907
6133
2558
3494
1371
8344
5960
4738
5775
3030
5121
5734
7040
2620
1135
1612
3472
3403
5671
1796
5287
214
7100
7976
5536
9592
7456
6868
3139
9688
4537
6891
4490
9316
1225
9540
2288
946
8685
657
8896
6683
9442
7062
3507
9379
6539
8740
6996
2445
5156
7968
9853
1899
6354
1261
3791
2798
4426
5114
7117
9884
9251
2012
8921
7452
6011
4625
198
9193
393
1176
3502
8243
3984
5587
2869
9423
7945
8894
3329
6547
2746
6533
3471
8284
4279
3330
1058
8064
9108
9716
3338
5867
4947
7005
7710
9190
5062
3824
5655
7748
3947
9356
4407
4599
7049
1543
9564
4215
6604
7544
9420
7640
370
9911
280
4541
6899
997
5523
9686
6719
3595
3755
5158
3353
46
7720
2060
423
8744
1065
8417
6544
5424
4857
56
6159
2606
8627
5814
284
4587
7466
9448
4330
9976
4441
65
8275
2379
8646
6736
7285
77
4737
925
3487
6378
3937
4402
4249
1452
5850
7032
2572
6841
117
8501
4043
3250
4732
6228
6516
7616
9235
9569
9913
7183
6675
9469
3191
5716
187
2073
2492
1479
5704
2946
691
7969
5883
3686
1510
6154
2132
2151
8465
1194
299
4114
8882
1328
2774
7613
7558
7357
3035
2870
9447
5501
2922
971
7098
748
3903
3263
7957
6702
5338
887
1091
5237
4151
5214
2106
459
5140
8490
1666
5511
9622
9164
5661
2545
9310
5329
8407
1970
5506
7478
2568
6758
1456
1697
5289
1674
9873
2179
5357
2772
1800
9045
54
1431
4755
787
8664
3274
6583
7118
2907
3521
7282
1324
602
7864
7507
7197
2181
7838
7895
411
1632
2623
4658
2897
9904
4854
8179
8032
7473
9588
8078
5349
552
5795
7171
8454
5192
4021
1260
8979
2165
8148
7769
6906
4726
4828
4967
655
5144
8355
6596
9896
772
8841
2999
2926
1791
3008
4846
2730
355
11
5961
3584
8991
2965
8301
8910
5640
6949
5324
7931
4321
5925
837
2111
7482
7060
6351
2882
2346
8900
115
7620
6043
974
9846
2231
1824
3687
9225
5705
1988
6724
427
9282
3098
5106
9471
1973
8809
9450
7677
4894
6698
6286
8063
9162
6671
8644
6659
372
1694
123
4404
4144
3327
6120
7788
9160
9787
303
6969
8613
4958
4930
2303
9576
5535
4756
6046
8051
9711
9419
5270
7202
6857
8817
2851
2920
4765
5367
7550
6519
5221
1609
5596
2260
4074
2302
5034
5195
6214
8796
987
7584
3486
4478
7489
7494
9084
9016
9467
8807
5433
2755
5194
9125
4016
4473
9083
2345
8161
6942
9844
2003
8679
6711
4946
6459
7515
5337
5780
1429
9392
6746
2835
3533
8009
4620
2293
9219
6530
2986
4083
2134
2659
3830
2639
8879
6434
3859
4479
4156
874
3002
5732
6165
9236
2116
543
4416
1385
6973
7749
5260
8718
646
2075
3750
2334
5345
8074
2805
7129
5308
9509
7623
4917
8992
2032
8756
7830
5714
9946
578
8489
782
2244
8191
3344
2576
4225
4972
8398
7217
5083
8472
2312
3474
3400
9015
7526
7505
3468
515
6009
8214
4139
9842
6718
794
8520
2430
1886
833
3120
4116
9731
9968
4045
5488
259
5741
8511
9389
5629
4311
9430
2684
1433
7784
1833
4058
5006
4626
2797
6146
9457
1713
7206
3207
4246
9973
5893
3681
7800
8226
4453
6020
928
9134
4724
9192
7259
3690
659
4296
9552
1954
2315
3328
4335
6995
1755
156
778
9065
1781
6826
2521
7998
9869
9152
7562
9313
3341
2148
4049
599
5082
5959
7870
9533
5937
9834
610
5874
2786
7345
9381
8848
3615
9957
4462
8607
8072
7713
923
6500
6872
2099
9936
6509
8720
922
526
1929
6568
1822
9539
594
2467
2833
2849
6672
8660
3130
7085
4028
2220
6260
7690
1613
4121
784
6155
700
1029
6771
593
4035
2664
9803
4168
3967
9400
5729
736
7947
6462
4553
6687
5785
3783
3178
5135
3810
9559
3702
5161
900
2030
1120
5179
4007
5868
6881
8378
319
3220
3040
1133
2698
6067
7393
3982
5581
62
3121
6486
814
3383
574
2686
9292
2225
6163
2110
4147
6847
2589
1437
4880
7932
6592
7110
3070
4577
7707
2820
761
7292
243
1620
1756
320
8723
8358
3293
3764
9791
2394
1152
684
5978
5972
9944
7951
3613
3637
4719
8614
5403
9344
4910
6137
8858
4838
3991
8899
2042
5752
3124
2337
3415
5595
3581
4173
3623
4298
4581
2368
6627
7513
8785
1406
4992
8506
1451
7890
4518
5056
3852
3887
8758
4469
3304
7392
8583
6531
256
1570
2637
8546
326
8338
8222
1866
1830
1216
1010
7855
8565
9610
8158
3319
1103
2816
6499
5039
7554
8336
4687
3118
2524
3452
5492
6983
6036
5177
9642
6599
7781
168
551
9154
3277
564
9378
8833
4934
4862
8603
2338
1952
5668
7812
1758
5081
1575
1828
4574
9513
9876
3462
5036
4222
7337
224
2135
2159
6310
4023
2975
3834
4754
3600
4292
9482
5353
8753
1427
4105
4656
3838
2823
8391
5574
5319
4644
9667
3718
9314
6485
430
5132
8604
9541
9255
9007
5344
6867
1902
2663
7847
5266
7215
1587
5387
6426
7850
2958
1920
5710
3879
9405
8443
1999
1820
5185
2397
201
676
8082
8353
7303
2865
1381
6678
4636
7059
7964
4573
3387
5458
1159
3525
32
1284
5820
4638
6805
3491
4951
3531
895
3357
7926
1019
880
8228
1485
7891
8571
6393
6901
5639
8905
1217
9578
4630
3873
3346
3912
9738
1900
8650
6480
5974
3822
7446
7230
5171
9401
914
1989
3348
816
277
7156
7869
8662
9277
8516
3683
3097
4583
3063
9811
1473
6406
548
4150
5302
3950
6463
3126
2354
9305
6333
79
486
1450
5340
6589
9962
7281
8466
6403
4991
9652
3704
2227
130
3916
1093
8754
3515
9179
3122
8028
3814
7131
3932
470
4325
6420
8092
8626
7607
5735
8811
9678
848
575
3234
7006
8318
6751
360
3561
9290
5076
380
5120
5167
9337
6788
9287
4084
6436
4345
3391
1604
7353
9053
1185
7501
1849
1497
9931
83
4322
534
6016
5399
7901
1667
4915
133
4984
2439
4733
882
400
2933
3187
3235
6442
6658
991
9026
6716
3541
637
3317
4978
1474
9424
2018
7308
8764
6597
9672
4670
1163
6323
4020
995
6602
8845
9534
5255
6875
2056
6685
2426
4875
7440
7311
1977
42
5999
5031
1247
6684
7297
3134
645
9749
7078
7965
7928
6324
2009
518
8558
1896
4040
5141
1745
2607
4640
6873
9819
3048
3985
6727
4527
6655
4186
1248
8176
6317
337
7065
7909
1003
7735
7903
7685
9158
2393
9723
6042
7992
6256
7618
9505
3007
1690
9112
4642
9058
9655
2500
6882
6476
1716
6782
8592
7646
5470
6748
4895
4162
5887
4728
8363
7076
7637
1363
4421
4746
3988
9398
9111
4762
5881
8478
13
3772
6416
1603
7164
5727
8311
7796
4389
5309
6834
7358
8771
4634
2985
6665
1017
5358
3309
3606
3680
5857
1957
2328
2618
605
4778
2144
3482
3196
2025
1021
1907
7391
4038
8775
4750
8002
5389
4102
6498
4059
5359
7470
2967
4893
1658
86
896
4046
2081
7348
3666
9223
9304
7360
192
8722
8225
3050
7798
9741
1201
6413
8800
4621
9812
1400
395
9621
6458
7614
3894
4447
8421
2615
1905
5761
377
9669
3419
7746
9587
697
5038
199
1614
4945
1033
3177
8509
9919
9879
4101
478
8773
806
8959
505
2221
1593
4157
7573
4193
8239
1321
6892
9830
4792
5684
618
6336
755
6460
5401
7593
6008
7395
3847
8203
6085
5151
1439
2189
1076
9385
2038
6301
1832
9440
4868
2768
5713
1809
1233
7937
8004
2301
2992
8915
6427
9066
2836
1442
2382
2758
5555
4768
3331
9681
7090
4735
3270
3801
8369
8162
3960
9431
2329
4242
5410
9126
341
6521
4721
6806
4878
3885
8985
1323
6267
8352
9503
6107
2391
7821
3175
9473
7504
8734
6945
2997
8153
1567
8897
5276
4529
5678
153
7486
1008
9363
7484
5295
7050
3923
9069
7794
2855
4291
7084
5136
394
9654
5755
2573
8249
9810
8027
4467
4646
4677
7946
9715
4549
7213
3181
7055
8360
5901
1637
2020
1059
4386
856
3689
8835
9173
252
6946
7216
5392
5146
4317
2994
3290
1227
8271
7430
9034
8776
2321
7731
126
8766
6045
6939
2122
2643
9779
9031
9632
9843
5575
3374
7333
5394
820
4224
7959
6417
2899
7267
562
1663
8949
5890
9082
9342
4001
1351
2143
1779
9218
8400
2157
8980
4629
3809
7236
8781
4506
8863
9234
9288
1488
9586
6720
9806
7302
8596
4908
98
5632
3457
836
2460
2739
8778
6251
8022
7271
8801
8375
9390
6656
2812
9543
1873
2783
9630
6026
9773
9591
6481
8058
1394
1884
8270
4996
4454
1069
1398
3902
4859
8190
7106
1316
7578
2830
4290
6864
2577
4066
6278
1531
9774
7468
6513
2553
9701
7002
6646
373
3446
3166
9080
3607
5189
4847
371
6916
6308
1362
5667
3061
9075
4436
2713
307
1559
9995
3914
1116
8110
2403
3800
5579
2277
6641
1369
566
5521
2407
4371
7087
3720
6571
8238
4536
6231
9156
6357
2384
9468
2940
1802
2834
6756
857
8675
4308
4909
8927
2887
5781
6640
9866
3510
6035
1447
3716
763
2487
5608
5188
76
6850
8205
2308
7239
7253
7577
5455
9226
9670
4257
8296
2406
5043
8988
2
4080
7536
2172
3016
5029
9707
2367
5748
8382
9295
6742
8825
7209
3930
3747
9174
6282
4048
1299
7179
6002
2290
3
5916
3272
5094
9175
6125
3725
336
6537
3023
819
656
7682
8728
2163
6429
8303
5635
804
9881
8389
272
6441
1995
10000
3080
4445
5691
7541
3316
7993
8125
140
990
2543
2972
2164
5113
235
7047
4623
354
5819
8911
6767
2633
9114
3803
6289
3193
7930
9775
4678
6673
3195
7868
3568
1071
4797
9815
4165
2280
3864
7511
8365
5378
8998
2925
8862
5323
6563
5947
6487
58
4654
5519
2629
3453
7232
2808
1388
984
4395
1448
8749
3861
3081
8105
9607
5932
1617
3667
5989
565
6103
2084
5131
545
9367
4546
6846
962
7619
7877
7942
1870
1725
1224
4886
9307
7872
2442
2646
2821
6774
8186
3433
2826
5860
1460
776
6134
3288
1766
7817
5861
2900
6366
9961
8165
9323
811
9623
9708
7974
9992
6707
8942
3567
8334
5283
3571
2751
8202
5711
7801
1836
8554
4903
9942
970
5803
5738
9979
4890
3260
8828
7251
342
6439
6044
2959
7167
1489
7790
9887
1867
716
6883
6244
2813
6006
1254
6015
8258
9278
6909
1034
3282
250
9557
8041
2136
9332
7307
4663
8025
6019
884
4613
242
1863
3079
9679
7154
5130
5222
9852
6348
4158
4495
3649
1166
4153
3548
5023
5416
2856
5796
1504
4152
8474
9637
4198
1493
9958
3343
4615
2175
5688
5572
7119
4096
9577
9849
2859
4135
4014
2550
6070
8326
7730
4192
8615
4368
8231
5976
4103
3464
2357
2676
4329
9996
5009
227
5953
9910
438
1035
113
7096
8290
9006
3054
7086
494
7615
7234
1949
1107
1648
4965
362
8850
4474
2489
9912
7804
6071
8089
4661
7176
4418
7499
2046
1743
8787
2378
4657
7540
6131
468
2142
225
5591
3041
9044
5733
9412
7773
9196
9548
4793
2476
7530
5035
6504
4112
9954
5673
4237
75
7924
2044
5994
3627
2971
4955
9691
4559
6489
7324
1420
601
3766
8808
590
7763
313
1412
2180
9081
1434
5133
2087
8139
5183
2763
6320
7000
1984
7783
7805
1167
9602
5191
1524
7092
9742
2603
4988
1292
555
7243
3882
392
3276
9721
7791
8122
5019
1234
5720
8216
1906
3401
6572
14
8283
6294
570
5095
8531
3105
6870
1024
4659
3432
4256
7235
7097
6210
1177
3380
3754
5666
7208
8494
4302
1767
7724
9472
1459
330
1597
3552
78
5774
7521
4354
3498
127
7774
9796
6876
5011
316
9157
2246
6142
1590
6477
8929
3039
9350
9743
4493
9201
7265
9928
1548
941
4037
678
7585
5441
8866
9737
6888
1330
9769
4985
8561
4440
892
9629
9792
619
4799
4190
539
9746
7867
8504
3017
8177
2789
9832
8922
7108
3180
7539
9563
8623
2361
8233
5288
8797
8656
5216
9264
4834
2039
7241
7036
506
8175
1946
3619
5866
3461
5326
84
4840
2324
6273
9793
7885
7645
5696
8399
3500
205
3632
16
3728
8757
171
3646
7525
6902
8907
9489
1940
5229
2240
7712
8124
9575
8913
1012
6791
9937
5770
9782
3911
1407
9706
9985
226
8008
1596
9024
4829
7944
5584
741
1313
4219
7979
1492
9103
3580
648
1050
9959
2601
5649
3022
4622
3573
5486
3987
4876
8409
5356
1933
2526
3691
8590
4682
3962
3692
917
344
9148
4589
1484
1927
1199
5830
1340
9926
5965
2496
8872
8727
5102
180
9404
6285
7493
6329
3165
2483
6714
2888
2696
8021
2098
5206
8136
8346
7576
1295
7590
1016
1993
5984
1803
2697
9297
2814
1948
8673
7443
6217
7276
1148
8011
498
9695
7240
61
858
7444
7226
9532
2715
1937
8199
3797
6176
9537
4979
104
8648
583
7654
9799
4836
5430
9867
1378
5219
9183
9107
5676
4200
8702
9061
2915
8640
254
8201
5550
8278
9056
4485
5631
5384
8085
220
9425
9487
1702
2365
985
4989
9027
4053
7940
3760
2801
5941
1840
9999
9358
5377
603
1121
178
6601
7184
7656
6062
9182
9596
8733
2218
69
7722
9023
5621
6694
1708
4444
5730
5736
8097
4357
7223
147
6053
8188
9604
2054
4561
4239
6387
9656
7905
6377
5232
2469
2542
6960
4
4068
5069
9941
22
7775
6626
6811
9273
258
53
7672
1877
6858
8826
6750
9877
1088
1494
5147
9813
6068
7200
9585
6299
6862
3201
1190
1057
2690
1462
5690
6741
7442
1170
2428
1846
5672
2140
8804
9724
2935
4957
6842
2174
6991
588
6933
2493
541
4437
6550
4612
6169
7714
3927
2621
1788
1156
7017
3399
9177
7826
1698
847
8372
3096
6968
5234
2316
8436
8581
7158
3751
3616
651
4303
2906
5654
2988
7982
7771
4356
2105
9916
4710
2414
3811
7344
802
6975
9362
5900
547
8816
9105
2788
6305
4759
5944
6276
1763
1198
1335
1218
1130
8690
85
8445
3599
4472
8252
424
7229
2660
324
1816
7918
4938
364
7655
5013
4483
1236
3202
7352
9542
5318
1257
859
4280
4891
8618
6145
3284
1379
454
5278
2026
7042
4877
5559
7316
7545
5078
7454
5810
7014
8505
743
2209
4981
2216
4606
4100
7871
217
490
5620
661
2425
9
6182
9756
2581
1773
5059
7929
8535
760
6271
7972
2927
5497
6394
5150
7853
8479
8390
4201
7245
9689
1727
1601
1910
2482
8395
7263
5419
416
4870
8289
3837
6106
2034
200
2501
5712
8379
7549
1395
4745
7149
2584
9396
4773
7089
1470
2611
1653
1207
3578
4318
7432
1974
4060
2891
8079
8805
5902
3334
7136
1305
5541
1232
8670
1030
5460
1787
2125
1477
2942
7808
8306
9393
6313
1892
5284
5434
8731
4250
4551
4044
5467
2853
6855
9633
5184
6227
5556
2533
6219
4115
1876
4785
3064
9189
6166
7586
2707
4415
2340
4560
5322
8525
59
919
2413
6082
6292
5739
5368
7519
9838
8300
3743
5663
5075
2119
4689
6040
4282
9535
6405
3429
8333
3566
5092
6229
8597
5483
4814
5930
4496
3992
3219
8651
7175
1939
2417
7475
2903
6998
9252
5443
825
3883
7634
3735
6055
3556
1259
7422
5647
2278
1831
3944
7894
7371
7429
1332
7211
8513
4082
8359
34
6126
6171
9953
1331
1273
4794
2431
8061
3060
8111
6337
3291
7142
4433
5041
9237
3920
4752
41
389
6290
3614
5828
1079
1060
3771
5003
1376
1656
6611
2409
2818
5871
5015
9948
9037
1158
7274
6130
6941
2811
8721
9988
9690
6223
1688
747
5757
9068
7459
6139
4405
2727
4522
8518
6730
6431
894
7123
3737
3608
8510
2014
5833
82
5048
3664
3205
9565
9137
4994
8237
9339
644
6029
869
1664
5552
1956
2837
3540
2569
2706
9682
5064
2292
5380
3395
2002
3385
3094
9925
5494
7120
5343
2400
223
9760
3535
1020
2405
3176
948
7053
5779
3757
2993
4600
8229
5791
7543
2868
7846
2449
629
1282
7842
3893
1226
3886
5643
3969
8705
834
2963
4904
8405
3543
7425
7873
4817
9634
4387
1628
7313
6590
4079
8606
7402
6051
1131
8926
9831
6266
4538
7927
4547
406
5376
6096
1179
6444
4631
4564
2860
1300
4117
6786
3865
3184
4061
6452
7132
8937
8075
2366
5286
9638
6651
9804
9761
239
2347
8559
2118
410
2239
3979
3959
8309
6064
6669
3347
5590
3296
5876
3999
899
6918
2043
1231
2358
2904
994
1164
298
7481
5818
4401
6123
6221
9703
8703
2186
8577
8874
2840
1817
647
3376
885
2817
2537
3723
8645
1754
7834
1329
1327
7472
8891
6396
2552
6135
4380
3734
4489
2978
1525
1540
2875
6514
5297
7438
193
516
5423
1683
1119
499
2062
6734
8636
3425
6749
6112
3651
4974
4748
1075
7124
6699
5241
7725
174
9795
6588
6799
9817
8059
5846
4412
8096
5228
8552
71
4686
8133
288
3634
9767
1241
4563
5346
8235
6078
7001
353
158
3557
4359
8377
7231
6074
90
5243
2362
2499
4614
3821
3248
6234
8544
4932
9636
3112
197
7495
5032
5314
4217
3251
4333
561
8916
8234
1856
6339
916
9409
8880
7270
4124
8612
2004
1703
9625
1165
101
2712
270
8777
6582
8361
4287
3436
9751
2748
8370
5911
4717
5351
5802
3084
8507
8413
5703
7520
511
9371
7091
5205
9750
2832
4924
8347
7181
6625
9626
9315
8020
7563
3108
5290
4062
9009
8575
7632
501
9583
2291
751
329
6117
3709
5665
2609
137
8317
2006
18
6325
8060
8982
3804
8487
7125
1162
8017
4668
5116
559
92
4712
2610
9512
938
8875
7863
8717
4042
9377
2560
1772
9730
6634
9517
2513
5155
3594
5909
2286
3622
4783
3371
6373
5118
4208
6546
8563
681
6063
1393
3790
8048
73
1581
6152
2305
531
7283
1696
6823
2228
8515
4548
1382
6871
3013
9825
9151
5603
9888
6446
2551
484
64
1183
6885
5800
5473
109
8189
4963
3489
4888
3262
3200
3426
9227
728
888
8686
7056
4264
8898
2559
6
2683
5936
6522
125
9993
4362
2408
6494
6619
2580
5767
6849
7061
5238
650
6506
3354
9643
7547
8851
8696
5769
7915
9963
5554
3279
7987
7652
4502
2947
8920
2049
7249
1872
1959
6240
7321
1151
7199
9327
7379
6471
4343
3726
8414
8068
4255
3444
6284
7079
8637
6677
4949
3082
3993
2185
3880
6986
4696
1776
1598
2650
1506
8014
556
7828
1966
118
5010
1320
9720
8629
9763
3722
8331
5046
4902
325
9732
4824
3264
1100
7370
4935
1739
97
9049
7012
7322
7823
8173
8672
4940
7261
4187
6507
7182
3679
3775
2657
3052
5561
6584
8588
7030
5656
323
8977
4927
6479
5835
9159
5657
1476
9753
1487
3635
2375
6558
4747
157
4294
8924
7822
8647
6349
1887
9814
7560
7510
977
6318
6092
6894
8292
6598
9229
5491
1734
1202
7341
8463
5877
1435
6383
7970
2612
7044
4977
7350
232
31
1022
9725
1735
8044
2984
8169
8385
8404
3678
5873
9841
2249
5139
2232
3424
1061
8770
3101
8182
6162
374
6803
5242
7038
6257
4134
7537
9454
2296
8549
8568
8185
3345
9709
6828
3928
1606
4605
365
5988
7220
2498
664
5230
4229
2360
4413
9975
7833
6759
9050
6121
5347
8788
4911
6970
6193
4973
315
934
702
8827
2661
4669
8638
5125
9360
5580
2600
2893
9376
4406
1687
5493
1544
5258
7665
2679
5744
2137
2608
9257
1936
2539
8931
8579
3713
4808
8332
8435
2019
3332
1243
3010
734
5751
176
4312
3034
688
5245
9789
8912
6075
9965
6157
598
2541
6388
8630
6226
6575
9474
2889
7625
705
2764
7589
9476
6225
5207
7721
6745
458
4132
4645
4550
1009
8865
3367
2923
1610
5725
3146
5968
844
6409
3481
7949
1171
2000
7340
5969
4674
7289
7205
3183
9099
3767
3921
9260
8397
9347
719
4477
2902
3269
279
7004
3359
1852
5573
4740
6472
3408
9580
3189
642
5461
7686
9199
142
2017
5420
2015
5320
9500
5504
5182
3228
1468
7680
6419
4227
3745
2932
3729
6848
9300
7857
2731
5956
4872
1645
6004
1053
7405
1155
4258
4022
8713
1811
4705
9143
2722
2687
1760
6911
9002
7434
7742
4790
5163
3785
1786
3752
7016
1625
4796
6389
8073
8928
4853
4922
8291
9694
1047
1730
7359
5585
3705
9320
3998
7755
8838
5447
4540
3129
1662
3451
473
6097
1311
2534
5475
8261
460
5633
7328
116
931
4585
3654
4244
2957
9011
9989
6653
175
5740
6230
5256
8611
2318
1279
1496
4591
5412
386
3441
9018
4858
853
8087
4619
3314
120
3813
4815
8142
1276
4499
9984
5292
3524
4565
780
5055
1982
8682
8101
1373
3088
7368
5411
6141
8762
383
879
8098
9485
1114
4310
4284
2602
8814
2931
6594
1586
2566
4155
2273
8315
9185
9085
6186
1274
3682
8548
6950
5317
5917
9486
446
2784
1685
8128
633
1453
8654
4618
7878
3351
7134
7966
5145
3643
4883
1723
3958
7670
4470
6382
2714
2977
9309
3560
7897
7764
1605
1304
3963
622
8368
3116
911
2800
1968
9248
5546
6527
328
9581
7373
5428
6461
5869
9435
7561
8339
9289
2736
6280
7679
2107
3644
6635
6379
4174
983
5198
6762
9168
521
7342
1322
5236
6913
2598
7793
6778
829
7135
4210
2156
2734
9074
5440
7162
5496
204
3240
2708
4266
5905
6027
536
5269
1588
3896
4348
4579
405
3051
4095
864
3854
3954
160
7661
1044
2145
9558
5731
517
8951
7415
9659
7480
5551
3232
4982
4024
5371
119
532
2171
7837
7071
4648
1526
3862
5929
2781
6474
169
9644
6643
9352
1256
6520
1150
179
1428
7114
9265
9127
5397
3492
4570
2041
5637
3539
4218
8860
6562
1541
8200
677
9938
8116
3759
6381
9359
4323
6473
5489
7717
3300
4252
2503
4729
495
6680
1785
3831
2233
9296
346
3749
4070
7950
753
7803
2504
7627
6003
4595
818
6887
4381
3119
2983
6185
3431
5111
3310
1262
6283
701
4535
68
7512
366
8730
6483
2546
9399
3833
7925
5406
4516
1294
2261
8528
4481
3161
7630
9966
1039
6331
6151
8135
2412
9754
6080
8484
309
8095
8307
7534
5008
6321
4071
7277
4468
9089
2470
1402
2395
4464
5758
466
6785
2622
1364
8215
9851
1911
9171
3844
8649
4383
1189
5565
9270
7416
9346
4688
4307
8328
5091
3236
5126
4597
6691
7026
6972
4126
7074
2640
4231
2255
5756
7819
6964
5052
8806
3717
3025
2086
7170
2311
5722
7479
6755
3870
639
695
5987
9671
5853
9584
7985
5487
4458
3298
2076
3505
8846
1710
2700
6915
7411
1854
1934
7152
4375
2069
2130
2289
3479
7157
1992
6810
1737
6095
4961
1106
2944
520
1689
2649
9240
3943
658
696
967
3776
4695
7160
6496
4865
7719
5745
8890
7943
70
7227
9530
2970
3375
6816
7435
2424
491
7952
9493
8895
6712
509
6812
9269
6364
5505
4948
4683
3981
1303
1495
3784
8602
7404
935
1736
6657
3977
2446
1249
2203
5373
5970
1290
3246
3266
1455
2854
9932
9331
2806
2898
7961
2914
6000
3117
5750
9498
8049
4660
6369
6363
4385
5889
8036
5058
6965
6258
4556
6981
5749
7689
449
3366
4519
5602
943
4907
7984
5811
194
1512
6705
6780
8000
5379
2456
6897
3888
1602
3125
3229
3179
6205
9133
4874
100
1894
4699
8940
9923
3086
7744
72
3669
5267
845
4545
8836
8131
6510
4492
7159
1889
8255
4180
2966
641
1726
9167
4889
1751
1415
368
6928
6410
5509
4835
1753
1258
9608
6057
6277
8748
7829
4009
3026
2845
1197
9025
5646
8567
1661
6018
4567
409
6340
3093
2344
4720
4382
6495
798
3978
9458
889
4277
2420
9253
721
2341
8325
3142
3004
1472
5060
1014
273
5500
4681
7727
4562
966
8984
5421
4736
9322
7362
628
5259
5427
1868
1897
8313
5662
5160
9839
643
1080
3445
8091
7756
4929
5172
1550
9119
5515
2036
3715
6833
3739
634
9109
6612
1547
8642
5962
5825
50
1001
2194
6689
9952
3352
3209
5107
9063
1145
4293
6295
1931
5695
5362
4104
9986
3569
7650
7103
8045
4512
5998
1390
4999
3389
3019
210
6467
7462
1971
7693
5050
8196
5316
5578
956
244
1401
2214
9840
4396
5789
7745
4163
5173
9446
7582
8792
3841
2267
2695
8729
8601
8335
5327
5880
4739
3103
4449
2544
6088
1549
7522
5301
9758
6938
4962
4138
3534
4841
9383
5971
7187
6667
8269
8547
1297
6795
4379
7529
2523
3936
9768
6621
3731
4639
6835
10
1651
152
8316
4465
2117
4616
3459
6170
2497
4602
4235
3067
4869
6984
6877
1391
1068
8076
7572
9945
4860
4700
6341
9019
893
4338
1595
8887
9710
38
7389
7186
3092
7257
1073
4831
5233
7971
1389
5293
926
8725
2738
3085
6022
9829
8783
5685
7574
756
7799
764
5315
1879
1805
7113
7474
1944
790
7609
8877
5352
9606
8691
8824
4486
1092
9388
6845
1174
3603
8986
4220
8281
413
542
8699
7122
3748
4274
6213
9978
1534
9098
4497
6173
3956
2912
2596
2913
1527
7210
3355
8305
6497
6666
5540
6330
2873
2374
4065
8029
1422
6538
4056
447
1748
1062
1695
1960
9492
5569
407
8127
9436
9666
8901
877
7752
2065
2509
6338
1315
4167
4161
3287
3768
2735
9675
7732
765
8459
7606
6554
2787
7659
6423
2557
7694
5920
5281
2327
5839
4830
8493
3746
2224
6001
9740
7325
4730
606
8137
7057
538
3631
3514
6224
6376
3845
5080
8750
7193
2981
7428
8578
683
2815
7194
5508
1457
4944
4820
8432
9790
2905
3526
5813
9555
7643
9674
8657
5687
3390
600
3843
8593
6424
9765
6215
533
121
8286
1890
335
4050
3738
5706
3575
5617
1463
2215
2307
3144
4864
8026
1975
4543
4941
7173
9354
9573
2757
6813
8324
48
5594
440
9441
3501
8354
7104
6198
5864
850
1206
7469
6693
7603
8206
8381
9892
6927
9874
9022
3113
6248
6878
623
8441
1750
9824
7770
1623
9736
4655
8080
6322
3825
4671
2954
8274
7201
7439
7366
3066
5514
7403
3493
3233
6034
9140
8107
8282
8057
5619
3369
2522
6167
2917
8126
7527
196
3370
2161
3693
1097
5804
7824
6721
2694
1987
1123
2326
5211
8018
3217
7546
2692
1271
3047
8456
2342
8426
6787
560
3194
8906
3245
6636
1392
3656
3405
6113
2325
8254
129
4008
3114
2258
7854
881
7190
7028
1411
5570
6817
9285
3961
7081
5480
2908
8681
5763
1360
3711
3975
3875
357
2881
2149
7453
8994
7168
9572
7382
6440
3793
8849
7500
9960
567
7651
89
7410
1187
8595
3042
7856
81
3878
9788
5402
7815
1465
134
5450
6054
2444
4995
2473
8855
1578
4098
9972
5548
4025
9798
1184
1038
8539
2508
3909
2890
167
3005
4885
9073
8483
5659
8688
7238
4466
9416
4588
5882
472
2767
7860
3915
8453
5279
9943
4030
6963
2410
5943
5482
4898
241
8416
9001
785
7887
4019
7252
5478
7997
6989
5444
4896
4731
1516
4662
4491
347
9101
6622
2150
1792
7224
5263
9271
4849
2654
8065
6764
9747
9324
2810
4434
1861
1784
1178
2991
9805
2960
9664
1102
3892
4766
5709
680
989
2438
8709
3675
713
6709
7518
4230
9861
9353
6839
4664
4950
6447
8981
52
8751
9033
2079
6178
9748
2169
3206
944
9188
5313
3437
6581
9128
5698
3254
8295
2166
1219
6770
4069
2949
7556
8342
915
6904
8329
611
3210
692
6281
6197
9882
7445
4281
9483
8639
9728
4598
7548
9880
6606
9408
1741
6101
5425
9115
8013
6239
4851
4861
7738
2141
3935
7195
5964
7151
5660
257
9491
4182
660
5571
1458
1240
6346
4795
1036
9079
9611
1209
8555
1557
1714
5099
5299
6577
1325
9579
4276
8167
5498
9547
1871
9649
2481
7936
306
3358
6041
4054
3024
5280
2421
1188
8442
3463
465
4798
6607
6600
3109
9712
7726
1026
7647
8530
2285
4397
8035
3212
8236
9668
6060
3934
8572
2080
1629
9095
1349
5093
4825
1865
797
9195
4524
9734
1502
2416
2682
1717
7166
8819
3230
3313
3302
7696
4428
5560
5396
6994
2613
8562
8257
1640
9210
8448
5227
754
4525
7602
3604
2388
